[[10.940384002760222, 14.864597550003468, 29.725078292615414, 36.75257046335388], 
[6.87707648198736, -30.763660114886836, 23.684597550003467, 29.725078292615414],
 [8.678445078633576, 12.13016471728148, 18.236339885113164, 23.684597550003467],
[5.248480456616175, 0, 12.13016471728148, 0],
	 [2.778905928763646, 5.248480456616175, 8.678445078633576, 6.810600570770219]]

[[17.911285881782995, 21.496228112672167, 36.04920755761645, 42.4442868018548], 
[13.52223133699463, -24.77334071562045, 30.496228112672167, 36.04920755761645],
 [15.024701485549588, 18.16319468475328, 25.22665928437955, 30.496228112672167], 
[10.817785069595704, 0, 18.16319468475328, 0], [7.788805250108908, 10.817785069595704, 15.024701485549588, 13.52223133699463]]
171
[[38.85988851090857, 41.39111980067826, 55.02159535261957, 59.51943581735762], [33.65712363566786, -6.802382517821286, 50.93111980067826, 55.02159535261957], [34.06347070629762, 36.26228458716867, 46.197617482178714, 50.93111980067826], [27.525698908534288, 0, 36.26228458716867, 0], [22.81850321414469, 27.525698908534288, 34.06347070629762, 33.65712363566786]]
The number of iterations is 171
[[10.940384002760222, 14.864597550003468, 29.725078292615414, 36.75257046335388], [6.87707648198736, -30.763660114886836, 23.684597550003467, 29.725078292615414], [8.678445078633576, 12.13016471728148, 18.236339885113164, 23.684597550003467], [5.248480456616175, 0, 12.13016471728148, 0], [2.778905928763646, 5.248480456616175, 8.678445078633576, 6.810600570770219]]
The number of iterations is 169
[[17.911285881782995, 21.496228112672167, 36.04920755761645, 42.4442868018548], [13.52223133699463, -24.77334071562045, 30.496228112672167, 36.04920755761645], [15.024701485549588, 18.16319468475328, 25.22665928437955, 30.496228112672167], [10.817785069595704, 0, 18.16319468475328, 0], [7.788805250108908, 10.817785069595704, 15.024701485549588, 13.52223133699463]]
The number of iterations is 171
